### Externals Camera Parameters
### ImageName x y z a1 a2 a3
### First Axis of Rotation X, Second Axis of Rotation Y, Third Axis of Rotation Z
"_SAM1001.JPG" 0.949846 64.075182 67.967981 20.785418 -99.470009 21.948709
"_SAM1002.JPG" 1.140219 66.204516 67.897178 59.377285 -110.175907 62.753996
"_SAM1003.JPG" 2.337121 68.665281 67.809190 74.561651 -128.084646 79.499389
"_SAM1004.JPG" 4.229065 70.549644 67.682921 77.145230 -145.932206 85.529740
"_SAM1005.JPG" 6.465630 71.846737 67.605934 78.279000 -162.766983 88.003282
"_SAM1006.JPG" 9.004938 72.586635 67.523389 78.160343 -178.188955 90.807480
"_SAM1007.JPG" 11.707820 71.987121 67.454906 77.436720 164.945120 94.993103
"_SAM1008.JPG" 14.495359 71.047446 67.401749 75.392113 148.342869 97.459914
"_SAM1009.JPG" 16.739005 69.456827 67.349513 69.186426 131.150244 106.732427
"_SAM1010.JPG" 17.640809 67.098565 67.374240 59.869872 116.298291 116.559597
"_SAM1011.JPG" 18.348642 64.493534 67.406835 29.922663 104.759580 147.592226
"_SAM1012.JPG" 18.266005 61.782037 67.481181 138.334514 73.507816 40.990016
"_SAM1013.JPG" 17.739571 59.192477 67.561030 113.278870 59.874484 67.341306
"_SAM1014.JPG" 16.081115 57.080234 67.663899 104.757319 44.684392 76.996718
"_SAM1015.JPG" 15.390673 56.370113 67.700290 103.889571 38.859201 79.000431
"_SAM1016.JPG" 14.168086 55.568983 67.755481 101.519378 32.623197 81.361333
"_SAM1017.JPG" 12.650205 54.939930 67.816138 100.258042 20.835920 84.155224
"_SAM1018.JPG" 10.920443 54.185108 67.889435 99.423885 10.127760 86.246404
"_SAM1019.JPG" 9.052700 54.165513 67.944709 99.282756 -2.606775 88.197208
"_SAM1020.JPG" 6.850994 54.641030 68.005144 98.647170 -15.251383 90.517321
"_SAM1021.JPG" 4.508359 55.660727 68.061165 99.878619 -32.363849 93.889978
"_SAM1022.JPG" 2.944252 57.113049 68.069895 101.709195 -45.483670 98.733564
"_SAM1024.JPG" 1.341247 59.060656 68.069625 107.094149 -59.383090 104.394643
"_SAM1025.JPG" 0.150106 61.504767 68.048569 123.868993 -74.096455 122.899105
"_SAM1026.JPG" -0.250611 63.734647 68.011916 14.826814 -100.031873 16.110716
"_SAM1027.JPG" 0.920615 64.904207 72.081124 140.706764 -107.505402 138.975922
"_SAM1028.JPG" 1.781366 67.103180 71.970762 117.208567 -121.887603 112.498606
"_SAM1029.JPG" 3.171397 69.586434 71.875979 104.567913 -136.188154 99.975490
"_SAM1030.JPG" 4.483022 71.526763 71.760796 99.859784 -148.460379 93.574028
"_SAM1031.JPG" 6.139640 72.128358 71.720124 99.020884 -156.843295 93.233985
"_SAM1032.JPG" 7.894209 72.333741 71.665757 99.101763 -172.424384 91.418459
"_SAM1033.JPG" 10.106786 72.367497 71.594162 98.279963 172.959660 88.358647
"_SAM1034.JPG" 12.352922 72.044002 71.530695 97.189787 160.467493 86.193043
"_SAM1035.JPG" 14.695453 70.725696 71.501344 101.257146 140.625848 81.345881
"_SAM1036.JPG" 16.386441 69.929136 71.463026 101.838446 129.052585 77.246097
"_SAM1037.JPG" 18.169566 67.843589 71.449578 112.399689 112.121593 64.891941
"_SAM1039.JPG" 19.448514 65.338309 71.449739 149.690642 101.358383 26.869337
"_SAM1040.JPG" 19.712919 62.503517 71.514678 31.841056 77.665402 144.765843
"_SAM1041.JPG" 18.519906 59.761800 71.627054 65.348877 68.661797 109.100867
"_SAM1042.JPG" 17.392190 58.586241 71.684754 71.397738 53.835998 102.797695
"_SAM1043.JPG" 16.194769 57.562828 71.746108 72.879681 42.999617 97.921807
"_SAM1044.JPG" 14.882129 56.425051 71.810985 76.801666 31.521478 91.755917
"_SAM1045.JPG" 14.521057 56.161639 71.824480 76.651578 26.885118 92.494180
"_SAM1046.JPG" 12.832014 55.411966 71.880008 75.953632 20.546218 91.080734
"_SAM1047.JPG" 10.766030 54.822217 71.951458 74.921862 4.021147 87.072264
"_SAM1048.JPG" 8.811815 54.873001 72.032559 78.992989 -0.006829 85.740384
"_SAM1049.JPG" 6.581646 55.684578 72.068361 75.002150 -14.895207 82.385272
"_SAM1050.JPG" 4.237813 56.592316 72.132796 73.678684 -34.204700 78.233100
"_SAM1051.JPG" 2.791430 57.843432 72.132759 70.881502 -42.644586 74.772456
"_SAM1052.JPG" 2.038637 59.319737 72.132229 70.584129 -53.878600 71.094022
"_SAM1053.JPG" 1.421421 61.116089 72.115903 64.120249 -63.123250 64.086391
"_SAM1055.JPG" 0.753634 62.753916 72.084437 30.518992 -72.806973 30.600861
"_SAM1056.JPG" 0.838839 64.385668 72.035482 141.322384 -110.543826 141.039139
"_SAM1057.JPG" 0.995033 65.890513 71.992062 134.898661 -112.073353 133.050848
"_SAM1058.JPG" 3.542026 60.544672 72.287716 66.686046 -57.473518 67.944493
"_SAM1059.JPG" 4.938943 58.971936 72.286153 75.605470 -46.292153 76.703854
"_SAM1060.JPG" 7.015017 57.845434 72.252599 76.940341 -25.748994 82.790120
"_SAM1061.JPG" 9.093379 57.114921 72.195079 78.041425 -10.910344 82.035301
"_SAM1062.JPG" 10.774899 57.349852 72.146417 80.179216 16.293327 86.210837
"_SAM1064.JPG" 12.160579 58.209552 72.074823 75.730051 27.264565 93.046036
"_SAM1066.JPG" 14.691952 60.902888 71.915543 58.111377 60.256200 112.085354
"_SAM1068.JPG" 15.199600 62.422454 71.875757 35.095056 73.906642 140.591958
"_SAM1069.JPG" 15.351111 64.297553 71.833433 145.839730 103.205376 27.615838
"_SAM1070.JPG" 15.158848 65.176280 71.826286 121.801857 110.457018 54.971500
"_SAM1071.JPG" 12.888329 63.172394 71.963542 8.912092 82.766250 166.785895
"_SAM1072.JPG" 12.247319 61.814089 72.014801 78.118518 59.189347 95.434934
"_SAM1073.JPG" 11.357513 61.110079 72.066822 81.010780 29.950307 88.782335
"_SAM1075.JPG" 10.356914 60.640302 72.112473 80.574256 20.677631 88.530023
"_SAM1076.JPG" 9.015260 60.402046 72.148803 80.890652 -7.601481 83.014486
"_SAM1077.JPG" 7.919858 60.801271 72.168250 78.645520 -31.061834 80.808324
"_SAM1078.JPG" 7.115977 61.304017 72.182012 75.637955 -47.088774 76.922893
"_SAM1079.JPG" 4.538942 63.061944 68.028616 171.141737 -60.156503 -8.509753
"_SAM1080.JPG" 4.640710 64.186611 67.995768 14.160874 -120.813771 -160.390363
"_SAM1081.JPG" 5.308682 65.859400 67.980877 42.571951 -130.505033 -126.948819
"_SAM1082.JPG" 6.036396 66.762221 67.940984 48.554139 -141.675598 -114.196855
"_SAM1083.JPG" 6.986179 67.692192 67.888734 57.339213 -153.239809 -102.693063
"_SAM1084.JPG" 8.009391 68.101192 67.865126 57.115613 -165.695976 -97.015515
"_SAM1085.JPG" 9.134919 68.412961 67.822073 58.166266 -176.464774 -89.700981
"_SAM1086.JPG" 10.394532 68.447648 67.791728 60.045264 170.706831 -82.429909
"_SAM1087.JPG" 11.577387 68.153544 67.757204 58.022414 159.145764 -75.099972
"_SAM1088.JPG" 12.680124 67.598375 67.740272 54.128987 148.047466 -66.464598
"_SAM1089.JPG" 13.658394 66.676498 67.730484 47.621038 136.098621 -55.945211
"_SAM1090.JPG" 14.705159 65.395399 67.726120 33.454280 124.571134 -37.560590
"_SAM1091.JPG" 15.412635 64.016867 67.711751 11.737680 116.831702 -12.566560
"_SAM1092.JPG" 15.452856 63.149075 67.748926 175.103132 64.145946 -174.429541
"_SAM1093.JPG" 15.449444 61.874398 67.767525 150.656440 61.509945 -146.757606
"_SAM1094.JPG" 14.984215 60.609898 67.812906 134.061111 54.765046 -127.167121
"_SAM1095.JPG" 14.484083 59.589829 67.850486 125.654068 46.173956 -116.832980
"_SAM1096.JPG" 13.828162 58.820656 67.885875 120.767425 38.593610 -108.829301
"_SAM1097.JPG" 12.823056 57.931621 67.934298 116.636887 28.309873 -103.041853
"_SAM1098.JPG" 11.933360 57.504081 67.965698 113.772802 20.909322 -98.869408
"_SAM1099.JPG" 10.835505 57.140953 68.006599 112.199406 11.158245 -94.834571
"_SAM1100.JPG" 9.607972 57.059830 68.043758 110.896472 1.553606 -89.957571
"_SAM1101.JPG" 8.421590 57.175608 68.071579 110.700935 -8.963552 -86.411192
"_SAM1102.JPG" 7.226402 57.494942 68.114353 110.884012 -18.509783 -82.000408
"_SAM1103.JPG" 6.064891 58.000547 68.136531 112.269645 -29.364401 -76.702104
"_SAM1104.JPG" 5.010583 58.860472 68.141503 116.625621 -40.439174 -70.464841
"_SAM1105.JPG" 4.033549 60.036187 68.148875 124.092193 -51.821235 -59.215143
"_SAM1106.JPG" 3.070595 61.477495 68.150611 140.177673 -63.698906 -40.419044
"_SAM1107.JPG" 2.509910 63.136216 68.133719 171.165761 -70.665775 -6.373728
"_SAM1108.JPG" 2.225327 64.947906 68.115594 28.749262 -112.904068 -145.259010
"_SAM1109.JPG" 4.065140 66.439997 67.998072 47.913958 -126.159464 -121.210309
